 0.400000
 37
 4
 186
 0
 0
 96
 8
 1
 -4
 186
 0
 0
 96
 8
 1
 0
 186
 4
 0
 16
 8
 1
 0
 186
 -4
 0
 16
 8
 1
 -4
 -4
 0
 0
 168
 8
 1
 -11
 4
 0
 0
 168
 8
 1
 -6
 -4
 4
 0
 36
 8
 1
 -6
 4
 -4
 0
 36
 8
 1
 4
 239
 0
 192
 56
 192
 1
 -4
 239
 0
 192
 56
 192
 1
 0
 239
 19
 192
 56
 192
 1
 0
 239
 -19
 192
 56
 192
 1
 10
 102
 0
 0
 168
 8
 1
 4
 102
 0
 0
 168
 8
 1
 5
 102
 4
 0
 36
 8
 1
 5
 102
 -4
 0
 36
 8
 1
 14
 243
 24
 192
 56
 192
 1
 0
 226
 0
 52
 0
 0
 1
 14
 243
 -24
 192
 56
 192
 1
 55
 279
 37
 192
 212
 192
 1
 55
 279
 -37
 192
 212
 192
 1
 -14
 243
 24
 192
 56
 192
 1
 -14
 243
 -24
 192
 56
 192
 1
 -55
 279
 37
 192
 212
 192
 1
 -55
 279
 -37
 192
 212
 192
 1
 0
 242
 45
 192
 56
 192
 1
 0
 242
 -45
 192
 56
 192
 1
 0
 282
 65
 192
 212
 192
 1
 0
 282
 -65
 192
 212
 192
 1
 -14
 191
 -26
 128
 212
 128
 1
 -4
 173
 -10
 128
 212
 128
 1
 0
 254
 0
 192
 56
 192
 1
 10
 278
 41
 192
 212
 192
 1
 -10
 278
 41
 192
 212
 192
 1
 10
 278
 -41
 192
 212
 192
 1
 -10
 278
 -41
 192
 212
 192
 1
 -5
 173
 -10
 128
 212
 128
 1
 147
 3
 8
 11
 0
 3
 8
 2
 8
 10
 0
 2
 8
 1
 9
 10
 1
 2
 10
 1
 3
 11
 1
 9
 11
 1
 3
 13
 3
 13
 15
 3
 12
 15
 0
 3
 12
 0
 2
 12
 2
 12
 14
 1
 2
 13
 2
 13
 14
 7
 13
 15
 5
 7
 13
 4
 7
 15
 4
 12
 15
 4
 12
 14
 4
 6
 14
 5
 13
 14
 5
 6
 14
 16
 17
 18
 18
 19
 20
 16
 18
 19
 17
 21
 22
 21
 22
 24
 21
 23
 24
 16
 17
 25
 17
 21
 25
 17
 22
 26
 17
 18
 26
 18
 26
 28
 18
 20
 28
 22
 26
 28
 22
 24
 28
 16
 25
 27
 16
 19
 27
 21
 25
 27
 21
 23
 27
 31
 32
 33
 31
 33
 35
 31
 34
 35
 31
 32
 34
 13
 30
 36
 13
 15
 30
 29
 30
 36
 248
 400
 544
 288
