 0.400000
 37
 15
 248
 0
 0
 96
 8
 1
 -15
 248
 0
 0
 96
 8
 1
 0
 248
 14
 0
 16
 8
 1
 0
 248
 -14
 0
 16
 8
 1
 -7
 -236
 0
 0
 168
 8
 1
 -39
 -221
 0
 0
 168
 8
 1
 -23
 -236
 14
 0
 36
 8
 1
 -23
 -221
 -14
 0
 36
 8
 1
 19
 322
 0
 92
 56
 116
 1
 -19
 322
 0
 92
 56
 116
 1
 0
 322
 17
 0
 16
 8
 1
 0
 322
 -17
 0
 16
 8
 1
 38
 32
 0
 0
 168
 8
 1
 6
 32
 0
 0
 168
 8
 1
 22
 32
 14
 0
 36
 8
 1
 22
 32
 -14
 0
 36
 8
 1
 58
 328
 23
 208
 0
 0
 1
 0
 290
 0
 52
 0
 0
 1
 58
 328
 -23
 208
 0
 0
 1
 77
 405
 36
 244
 128
 128
 1
 77
 405
 -36
 244
 128
 128
 1
 -58
 328
 23
 156
 0
 4
 1
 -58
 328
 -23
 156
 0
 4
 1
 -77
 405
 36
 240
 128
 128
 1
 -77
 405
 -36
 240
 128
 128
 1
 0
 325
 42
 52
 0
 4
 1
 0
 325
 -42
 52
 0
 4
 1
 0
 412
 62
 176
 128
 108
 1
 0
 412
 -62
 176
 128
 108
 1
 -55
 260
 -118
 128
 212
 128
 1
 -9
 213
 -42
 128
 212
 128
 1
 0
 351
 0
 128
 0
 0
 1
 35
 400
 40
 180
 80
 80
 1
 -35
 400
 40
 180
 80
 80
 1
 35
 400
 -40
 180
 80
 80
 1
 -35
 400
 -40
 180
 80
 80
 1
 -21
 213
 -42
 128
 212
 128
 1
 147
 3
 8
 11
 0
 3
 8
 2
 8
 10
 0
 2
 8
 1
 9
 10
 1
 2
 10
 1
 3
 11
 1
 9
 11
 1
 3
 13
 3
 13
 15
 3
 12
 15
 0
 3
 12
 0
 2
 12
 2
 12
 14
 1
 2
 13
 2
 13
 14
 7
 13
 15
 5
 7
 13
 4
 7
 15
 4
 12
 15
 4
 12
 14
 4
 6
 14
 5
 13
 14
 5
 6
 14
 16
 17
 18
 18
 19
 20
 16
 18
 19
 17
 21
 22
 21
 22
 24
 21
 23
 24
 16
 17
 25
 17
 21
 25
 17
 22
 26
 17
 18
 26
 18
 26
 28
 18
 20
 28
 22
 26
 28
 22
 24
 28
 16
 25
 27
 16
 19
 27
 21
 25
 27
 21
 23
 27
 31
 32
 33
 31
 33
 35
 31
 34
 35
 31
 32
 34
 13
 30
 36
 13
 15
 30
 29
 30
 36
 248
 288
 544
 288
