 0.600000
 56
 155
 0
 10
 24
 120
 128
 1
 120
 18
 10
 24
 120
 128
 1
 77
 26
 10
 24
 120
 128
 1
 0
 35
 10
 24
 120
 128
 1
 -22
 18
 10
 24
 120
 128
 1
 2
 0
 48
 216
 216
 252
 1
 84
 0
 38
 0
 0
 0
 1
 100
 0
 26
 0
 0
 0
 1
 120
 -18
 11
 24
 120
 128
 1
 77
 -26
 10
 24
 120
 128
 1
 0
 -35
 10
 24
 120
 128
 1
 -22
 -18
 10
 24
 120
 128
 1
 235
 0
 0
 168
 232
 252
 1
 179
 29
 0
 168
 232
 252
 1
 109
 42
 0
 168
 232
 252
 1
 -15
 56
 0
 168
 232
 252
 1
 -50
 29
 0
 168
 232
 252
 1
 179
 -29
 -1
 168
 232
 252
 1
 109
 -42
 0
 168
 232
 252
 1
 -15
 -56
 0
 168
 232
 252
 1
 -50
 -29
 0
 168
 232
 252
 1
 282
 0
 -11
 36
 0
 48
 1
 209
 -76
 -51
 28
 0
 12
 1
 115
 -108
 -11
 36
 0
 48
 1
 -50
 -145
 -11
 36
 0
 48
 1
 -97
 -76
 -11
 216
 224
 140
 1
 209
 75
 -52
 28
 0
 12
 1
 115
 108
 -11
 36
 0
 48
 1
 -50
 145
 -11
 36
 0
 48
 1
 -97
 75
 -11
 216
 224
 140
 1
 165
 -208
 -111
 128
 128
 128
 1
 0
 -275
 -111
 128
 128
 128
 1
 165
 208
 -111
 128
 128
 128
 1
 0
 275
 -111
 128
 128
 128
 1
 180
 0
 -91
 128
 128
 128
 1
 133
 54
 -71
 128
 128
 128
 1
 74
 76
 -31
 128
 128
 128
 1
 -32
 104
 -31
 128
 96
 0
 1
 -61
 54
 -31
 128
 128
 128
 1
 133
 -52
 -72
 128
 128
 128
 1
 74
 -76
 -31
 128
 128
 128
 1
 -32
 -104
 -31
 128
 96
 0
 1
 -61
 -52
 -31
 128
 96
 0
 1
 105
 148
 -131
 240
 252
 252
 1
 0
 194
 -131
 128
 96
 0
 1
 105
 -148
 -131
 240
 252
 252
 1
 0
 -194
 -131
 128
 128
 128
 1
 40
 0
 0
 0
 0
 0
 1
 100
 0
 0
 0
 0
 0
 1
 -100
 0
 0
 128
 128
 128
 1
 -10
 0
 -64
 132
 252
 140
 1
 -173
 0
 -64
 184
 128
 188
 0.187500
 -29
 20
 -64
 132
 252
 140
 1
 -29
 0
 -34
 132
 252
 140
 1
 -29
 -20
 -64
 132
 252
 140
 1
 -29
 0
 -93
 132
 252
 140
 1
 306
 0
 7
 8
 0
 1
 7
 1
 2
 7
 7
 8
 9
 6
 7
 9
 2
 6
 7
 2
 5
 6
 2
 3
 5
 3
 4
 5
 4
 5
 11
 5
 10
 11
 5
 9
 10
 5
 6
 9
 4
 15
 16
 3
 4
 15
 2
 3
 15
 2
 14
 15
 2
 13
 14
 1
 2
 13
 1
 12
 13
 0
 1
 12
 0
 8
 12
 8
 12
 17
 8
 9
 17
 9
 17
 18
 9
 10
 18
 10
 18
 19
 10
 11
 19
 11
 19
 20
 4
 11
 20
 4
 16
 20
 16
 25
 29
 16
 20
 25
 15
 16
 28
 16
 28
 29
 15
 27
 28
 19
 20
 24
 20
 24
 25
 19
 23
 24
 18
 19
 23
 14
 15
 27
 13
 14
 27
 17
 18
 23
 17
 22
 23
 13
 26
 27
 12
 13
 26
 12
 17
 22
 12
 21
 22
 12
 21
 26
 23
 24
 30
 24
 30
 31
 27
 28
 32
 28
 32
 33
 21
 34
 39
 21
 34
 35
 21
 26
 35
 21
 22
 39
 26
 27
 36
 26
 35
 36
 22
 23
 40
 22
 39
 40
 23
 30
 40
 30
 40
 45
 27
 32
 36
 32
 36
 43
 33
 43
 44
 32
 33
 43
 30
 45
 46
 30
 31
 46
 31
 41
 46
 24
 31
 41
 33
 37
 44
 28
 33
 37
 28
 29
 37
 24
 25
 41
 25
 41
 42
 29
 37
 38
 25
 29
 38
 25
 38
 42
 37
 43
 44
 36
 37
 43
 40
 45
 46
 40
 41
 46
 38
 42
 47
 37
 38
 47
 41
 42
 47
 40
 41
 47
 36
 37
 47
 36
 47
 48
 35
 36
 48
 34
 35
 48
 34
 39
 48
 39
 40
 48
 40
 47
 48
 50
 53
 54
 50
 52
 53
 51
 53
 54
 51
 52
 53
 51
 54
 55
 50
 54
 55
 50
 52
 55
 51
 52
 55
 418
 278
 662
 379
