 0.400000
 37
 7
 210
 0
 0
 96
 8
 1
 -7
 210
 0
 0
 96
 8
 1
 0
 210
 5
 0
 16
 8
 1
 0
 210
 -5
 0
 16
 8
 1
 -4
 -200
 0
 0
 168
 8
 1
 -18
 -186
 0
 0
 168
 8
 1
 -11
 -200
 5
 0
 36
 8
 1
 -11
 -186
 -5
 0
 36
 8
 1
 9
 273
 0
 4
 128
 196
 1
 -9
 273
 0
 4
 128
 196
 1
 0
 273
 8
 4
 128
 196
 1
 0
 273
 -8
 4
 128
 196
 1
 17
 26
 0
 0
 168
 8
 1
 4
 26
 0
 0
 168
 8
 1
 11
 26
 5
 0
 36
 8
 1
 11
 26
 -5
 0
 36
 8
 1
 26
 279
 11
 4
 128
 196
 1
 0
 247
 0
 4
 128
 196
 1
 26
 279
 -11
 4
 128
 196
 1
 62
 365
 29
 128
 24
 96
 1
 62
 365
 -23
 128
 24
 96
 1
 -26
 279
 11
 4
 128
 196
 1
 -26
 279
 -11
 4
 128
 196
 1
 -62
 365
 29
 128
 24
 96
 1
 -62
 365
 -23
 128
 24
 96
 1
 0
 274
 18
 4
 128
 196
 1
 0
 274
 -18
 4
 128
 196
 1
 0
 333
 76
 128
 180
 196
 1
 0
 320
 -85
 128
 180
 196
 1
 -26
 221
 -50
 128
 212
 128
 1
 -4
 180
 -18
 128
 212
 128
 1
 0
 298
 0
 4
 128
 196
 1
 16
 422
 17
 128
 180
 232
 1
 -16
 422
 17
 128
 180
 232
 1
 16
 422
 -17
 128
 180
 232
 1
 -16
 422
 -17
 128
 180
 232
 1
 -10
 180
 -18
 128
 212
 128
 1
 147
 3
 8
 11
 0
 3
 8
 2
 8
 10
 0
 2
 8
 1
 9
 10
 1
 2
 10
 1
 3
 11
 1
 9
 11
 1
 3
 13
 3
 13
 15
 3
 12
 15
 0
 3
 12
 0
 2
 12
 2
 12
 14
 1
 2
 13
 2
 13
 14
 7
 13
 15
 5
 7
 13
 4
 7
 15
 4
 12
 15
 4
 12
 14
 4
 6
 14
 5
 13
 14
 5
 6
 14
 16
 17
 18
 18
 19
 20
 16
 18
 19
 17
 21
 22
 21
 22
 24
 21
 23
 24
 16
 17
 25
 17
 21
 25
 17
 22
 26
 17
 18
 26
 18
 26
 28
 18
 20
 28
 22
 26
 28
 22
 24
 28
 16
 25
 27
 16
 19
 27
 21
 25
 27
 21
 23
 27
 31
 32
 33
 31
 33
 35
 31
 34
 35
 31
 32
 34
 13
 30
 36
 13
 15
 30
 29
 30
 36
 258
 340
 564
 318
