100
149
0 4.0000 0.0000 0.0000 0.0000 0.0000 0.0000 0.0000 0.0000 0.0000 0.0000
3 0.0000 248.0000 -14.0000 528384.0000 1.0000 0.0000 0.0000 0.0000 0.0000 0.0000
3 19.0000 322.0000 0.0000 7616604.0000 1.0000 0.0000 0.0000 0.0000 0.0000 0.0000
3 0.0000 322.0000 -17.0000 528384.0000 1.0000 0.0000 0.0000 0.0000 0.0000 0.0000
3 15.0000 248.0000 0.0000 548864.0000 1.0000 0.0000 0.0000 0.0000 0.0000 0.0000
3 0.0000 248.0000 -14.0000 528384.0000 1.0000 0.0000 0.0000 0.0000 0.0000 0.0000
3 19.0000 322.0000 0.0000 7616604.0000 1.0000 0.0000 0.0000 0.0000 0.0000 0.0000
3 0.0000 248.0000 14.0000 528384.0000 1.0000 0.0000 0.0000 0.0000 0.0000 0.0000
3 19.0000 322.0000 0.0000 7616604.0000 1.0000 0.0000 0.0000 0.0000 0.0000 0.0000
3 0.0000 322.0000 17.0000 528384.0000 1.0000 0.0000 0.0000 0.0000 0.0000 0.0000
3 15.0000 248.0000 0.0000 548864.0000 1.0000 0.0000 0.0000 0.0000 0.0000 0.0000
3 0.0000 248.0000 14.0000 528384.0000 1.0000 0.0000 0.0000 0.0000 0.0000 0.0000
3 19.0000 322.0000 0.0000 7616604.0000 1.0000 0.0000 0.0000 0.0000 0.0000 0.0000
3 -15.0000 248.0000 0.0000 548864.0000 1.0000 0.0000 0.0000 0.0000 0.0000 0.0000
3 -19.0000 322.0000 0.0000 7616604.0000 1.0000 0.0000 0.0000 0.0000 0.0000 0.0000
3 0.0000 322.0000 17.0000 528384.0000 1.0000 0.0000 0.0000 0.0000 0.0000 0.0000
3 -15.0000 248.0000 0.0000 548864.0000 1.0000 0.0000 0.0000 0.0000 0.0000 0.0000
3 0.0000 248.0000 14.0000 528384.0000 1.0000 0.0000 0.0000 0.0000 0.0000 0.0000
3 0.0000 322.0000 17.0000 528384.0000 1.0000 0.0000 0.0000 0.0000 0.0000 0.0000
3 -15.0000 248.0000 0.0000 548864.0000 1.0000 0.0000 0.0000 0.0000 0.0000 0.0000
3 0.0000 248.0000 -14.0000 528384.0000 1.0000 0.0000 0.0000 0.0000 0.0000 0.0000
3 0.0000 322.0000 -17.0000 528384.0000 1.0000 0.0000 0.0000 0.0000 0.0000 0.0000
3 -15.0000 248.0000 0.0000 548864.0000 1.0000 0.0000 0.0000 0.0000 0.0000 0.0000
3 -19.0000 322.0000 0.0000 7616604.0000 1.0000 0.0000 0.0000 0.0000 0.0000 0.0000
3 0.0000 322.0000 -17.0000 528384.0000 1.0000 0.0000 0.0000 0.0000 0.0000 0.0000
3 -15.0000 248.0000 0.0000 548864.0000 1.0000 0.0000 0.0000 0.0000 0.0000 0.0000
3 0.0000 248.0000 -14.0000 528384.0000 1.0000 0.0000 0.0000 0.0000 0.0000 0.0000
3 6.0000 32.0000 0.0000 567296.0000 1.0000 0.0000 0.0000 0.0000 0.0000 0.0000
3 0.0000 248.0000 -14.0000 528384.0000 1.0000 0.0000 0.0000 0.0000 0.0000 0.0000
3 6.0000 32.0000 0.0000 567296.0000 1.0000 0.0000 0.0000 0.0000 0.0000 0.0000
3 22.0000 32.0000 -14.0000 533504.0000 1.0000 0.0000 0.0000 0.0000 0.0000 0.0000
3 0.0000 248.0000 -14.0000 528384.0000 1.0000 0.0000 0.0000 0.0000 0.0000 0.0000
3 38.0000 32.0000 0.0000 567296.0000 1.0000 0.0000 0.0000 0.0000 0.0000 0.0000
3 22.0000 32.0000 -14.0000 533504.0000 1.0000 0.0000 0.0000 0.0000 0.0000 0.0000
3 15.0000 248.0000 0.0000 548864.0000 1.0000 0.0000 0.0000 0.0000 0.0000 0.0000
3 0.0000 248.0000 -14.0000 528384.0000 1.0000 0.0000 0.0000 0.0000 0.0000 0.0000
3 38.0000 32.0000 0.0000 567296.0000 1.0000 0.0000 0.0000 0.0000 0.0000 0.0000
3 15.0000 248.0000 0.0000 548864.0000 1.0000 0.0000 0.0000 0.0000 0.0000 0.0000
3 0.0000 248.0000 14.0000 528384.0000 1.0000 0.0000 0.0000 0.0000 0.0000 0.0000
3 38.0000 32.0000 0.0000 567296.0000 1.0000 0.0000 0.0000 0.0000 0.0000 0.0000
3 0.0000 248.0000 14.0000 528384.0000 1.0000 0.0000 0.0000 0.0000 0.0000 0.0000
3 38.0000 32.0000 0.0000 567296.0000 1.0000 0.0000 0.0000 0.0000 0.0000 0.0000
3 22.0000 32.0000 14.0000 533504.0000 1.0000 0.0000 0.0000 0.0000 0.0000 0.0000
3 -15.0000 248.0000 0.0000 548864.0000 1.0000 0.0000 0.0000 0.0000 0.0000 0.0000
3 0.0000 248.0000 14.0000 528384.0000 1.0000 0.0000 0.0000 0.0000 0.0000 0.0000
3 6.0000 32.0000 0.0000 567296.0000 1.0000 0.0000 0.0000 0.0000 0.0000 0.0000
3 0.0000 248.0000 14.0000 528384.0000 1.0000 0.0000 0.0000 0.0000 0.0000 0.0000
3 6.0000 32.0000 0.0000 567296.0000 1.0000 0.0000 0.0000 0.0000 0.0000 0.0000
3 22.0000 32.0000 14.0000 533504.0000 1.0000 0.0000 0.0000 0.0000 0.0000 0.0000
3 -23.0000 -221.0000 -14.0000 533504.0000 1.0000 0.0000 0.0000 0.0000 0.0000 0.0000
3 6.0000 32.0000 0.0000 567296.0000 1.0000 0.0000 0.0000 0.0000 0.0000 0.0000
3 22.0000 32.0000 -14.0000 533504.0000 1.0000 0.0000 0.0000 0.0000 0.0000 0.0000
3 -39.0000 -221.0000 0.0000 567296.0000 1.0000 0.0000 0.0000 0.0000 0.0000 0.0000
3 -23.0000 -221.0000 -14.0000 533504.0000 1.0000 0.0000 0.0000 0.0000 0.0000 0.0000
3 6.0000 32.0000 0.0000 567296.0000 1.0000 0.0000 0.0000 0.0000 0.0000 0.0000
3 -7.0000 -236.0000 0.0000 567296.0000 1.0000 0.0000 0.0000 0.0000 0.0000 0.0000
3 -23.0000 -221.0000 -14.0000 533504.0000 1.0000 0.0000 0.0000 0.0000 0.0000 0.0000
3 22.0000 32.0000 -14.0000 533504.0000 1.0000 0.0000 0.0000 0.0000 0.0000 0.0000
3 -7.0000 -236.0000 0.0000 567296.0000 1.0000 0.0000 0.0000 0.0000 0.0000 0.0000
3 38.0000 32.0000 0.0000 567296.0000 1.0000 0.0000 0.0000 0.0000 0.0000 0.0000
3 22.0000 32.0000 -14.0000 533504.0000 1.0000 0.0000 0.0000 0.0000 0.0000 0.0000
3 -7.0000 -236.0000 0.0000 567296.0000 1.0000 0.0000 0.0000 0.0000 0.0000 0.0000
3 38.0000 32.0000 0.0000 567296.0000 1.0000 0.0000 0.0000 0.0000 0.0000 0.0000
3 22.0000 32.0000 14.0000 533504.0000 1.0000 0.0000 0.0000 0.0000 0.0000 0.0000
3 -7.0000 -236.0000 0.0000 567296.0000 1.0000 0.0000 0.0000 0.0000 0.0000 0.0000
3 -23.0000 -236.0000 14.0000 533504.0000 1.0000 0.0000 0.0000 0.0000 0.0000 0.0000
3 22.0000 32.0000 14.0000 533504.0000 1.0000 0.0000 0.0000 0.0000 0.0000 0.0000
3 -39.0000 -221.0000 0.0000 567296.0000 1.0000 0.0000 0.0000 0.0000 0.0000 0.0000
3 6.0000 32.0000 0.0000 567296.0000 1.0000 0.0000 0.0000 0.0000 0.0000 0.0000
3 22.0000 32.0000 14.0000 533504.0000 1.0000 0.0000 0.0000 0.0000 0.0000 0.0000
3 -39.0000 -221.0000 0.0000 567296.0000 1.0000 0.0000 0.0000 0.0000 0.0000 0.0000
3 -23.0000 -236.0000 14.0000 533504.0000 1.0000 0.0000 0.0000 0.0000 0.0000 0.0000
3 22.0000 32.0000 14.0000 533504.0000 1.0000 0.0000 0.0000 0.0000 0.0000 0.0000
3 58.0000 328.0000 23.0000 208.0000 1.0000 0.0000 0.0000 0.0000 0.0000 0.0000
3 0.0000 290.0000 0.0000 52.0000 1.0000 0.0000 0.0000 0.0000 0.0000 0.0000
3 58.0000 328.0000 -23.0000 208.0000 1.0000 0.0000 0.0000 0.0000 0.0000 0.0000
3 58.0000 328.0000 -23.0000 208.0000 1.0000 0.0000 0.0000 0.0000 0.0000 0.0000
3 77.0000 405.0000 36.0000 8421620.0000 1.0000 0.0000 0.0000 0.0000 0.0000 0.0000
3 77.0000 405.0000 -36.0000 8421620.0000 1.0000 0.0000 0.0000 0.0000 0.0000 0.0000
3 58.0000 328.0000 23.0000 208.0000 1.0000 0.0000 0.0000 0.0000 0.0000 0.0000
3 58.0000 328.0000 -23.0000 208.0000 1.0000 0.0000 0.0000 0.0000 0.0000 0.0000
3 77.0000 405.0000 36.0000 8421620.0000 1.0000 0.0000 0.0000 0.0000 0.0000 0.0000
3 0.0000 290.0000 0.0000 52.0000 1.0000 0.0000 0.0000 0.0000 0.0000 0.0000
3 -58.0000 328.0000 23.0000 262300.0000 1.0000 0.0000 0.0000 0.0000 0.0000 0.0000
3 -58.0000 328.0000 -23.0000 262300.0000 1.0000 0.0000 0.0000 0.0000 0.0000 0.0000
3 -58.0000 328.0000 23.0000 262300.0000 1.0000 0.0000 0.0000 0.0000 0.0000 0.0000
3 -58.0000 328.0000 -23.0000 262300.0000 1.0000 0.0000 0.0000 0.0000 0.0000 0.0000
3 -77.0000 405.0000 -36.0000 8421616.0000 1.0000 0.0000 0.0000 0.0000 0.0000 0.0000
3 -58.0000 328.0000 23.0000 262300.0000 1.0000 0.0000 0.0000 0.0000 0.0000 0.0000
3 -77.0000 405.0000 36.0000 8421616.0000 1.0000 0.0000 0.0000 0.0000 0.0000 0.0000
3 -77.0000 405.0000 -36.0000 8421616.0000 1.0000 0.0000 0.0000 0.0000 0.0000 0.0000
3 58.0000 328.0000 23.0000 208.0000 1.0000 0.0000 0.0000 0.0000 0.0000 0.0000
3 0.0000 290.0000 0.0000 52.0000 1.0000 0.0000 0.0000 0.0000 0.0000 0.0000
3 0.0000 325.0000 42.0000 262196.0000 1.0000 0.0000 0.0000 0.0000 0.0000 0.0000
3 0.0000 290.0000 0.0000 52.0000 1.0000 0.0000 0.0000 0.0000 0.0000 0.0000
3 -58.0000 328.0000 23.0000 262300.0000 1.0000 0.0000 0.0000 0.0000 0.0000 0.0000
3 0.0000 325.0000 42.0000 262196.0000 1.0000 0.0000 0.0000 0.0000 0.0000 0.0000
3 0.0000 290.0000 0.0000 52.0000 1.0000 0.0000 0.0000 0.0000 0.0000 0.0000
3 -58.0000 328.0000 -23.0000 262300.0000 1.0000 0.0000 0.0000 0.0000 0.0000 0.0000
3 0.0000 325.0000 -42.0000 262196.0000 1.0000 0.0000 0.0000 0.0000 0.0000 0.0000
3 0.0000 290.0000 0.0000 52.0000 1.0000 0.0000 0.0000 0.0000 0.0000 0.0000
3 58.0000 328.0000 -23.0000 208.0000 1.0000 0.0000 0.0000 0.0000 0.0000 0.0000
3 0.0000 325.0000 -42.0000 262196.0000 1.0000 0.0000 0.0000 0.0000 0.0000 0.0000
3 58.0000 328.0000 -23.0000 208.0000 1.0000 0.0000 0.0000 0.0000 0.0000 0.0000
3 0.0000 325.0000 -42.0000 262196.0000 1.0000 0.0000 0.0000 0.0000 0.0000 0.0000
3 0.0000 412.0000 -62.0000 7110832.0000 1.0000 0.0000 0.0000 0.0000 0.0000 0.0000
3 58.0000 328.0000 -23.0000 208.0000 1.0000 0.0000 0.0000 0.0000 0.0000 0.0000
3 77.0000 405.0000 -36.0000 8421620.0000 1.0000 0.0000 0.0000 0.0000 0.0000 0.0000
3 0.0000 412.0000 -62.0000 7110832.0000 1.0000 0.0000 0.0000 0.0000 0.0000 0.0000
3 -58.0000 328.0000 -23.0000 262300.0000 1.0000 0.0000 0.0000 0.0000 0.0000 0.0000
3 0.0000 325.0000 -42.0000 262196.0000 1.0000 0.0000 0.0000 0.0000 0.0000 0.0000
3 0.0000 412.0000 -62.0000 7110832.0000 1.0000 0.0000 0.0000 0.0000 0.0000 0.0000
3 -58.0000 328.0000 -23.0000 262300.0000 1.0000 0.0000 0.0000 0.0000 0.0000 0.0000
3 -77.0000 405.0000 -36.0000 8421616.0000 1.0000 0.0000 0.0000 0.0000 0.0000 0.0000
3 0.0000 412.0000 -62.0000 7110832.0000 1.0000 0.0000 0.0000 0.0000 0.0000 0.0000
3 58.0000 328.0000 23.0000 208.0000 1.0000 0.0000 0.0000 0.0000 0.0000 0.0000
3 0.0000 325.0000 42.0000 262196.0000 1.0000 0.0000 0.0000 0.0000 0.0000 0.0000
3 0.0000 412.0000 62.0000 7110832.0000 1.0000 0.0000 0.0000 0.0000 0.0000 0.0000
3 58.0000 328.0000 23.0000 208.0000 1.0000 0.0000 0.0000 0.0000 0.0000 0.0000
3 77.0000 405.0000 36.0000 8421620.0000 1.0000 0.0000 0.0000 0.0000 0.0000 0.0000
3 0.0000 412.0000 62.0000 7110832.0000 1.0000 0.0000 0.0000 0.0000 0.0000 0.0000
3 -58.0000 328.0000 23.0000 262300.0000 1.0000 0.0000 0.0000 0.0000 0.0000 0.0000
3 0.0000 325.0000 42.0000 262196.0000 1.0000 0.0000 0.0000 0.0000 0.0000 0.0000
3 0.0000 412.0000 62.0000 7110832.0000 1.0000 0.0000 0.0000 0.0000 0.0000 0.0000
3 -58.0000 328.0000 23.0000 262300.0000 1.0000 0.0000 0.0000 0.0000 0.0000 0.0000
3 -77.0000 405.0000 36.0000 8421616.0000 1.0000 0.0000 0.0000 0.0000 0.0000 0.0000
3 0.0000 412.0000 62.0000 7110832.0000 1.0000 0.0000 0.0000 0.0000 0.0000 0.0000
3 0.0000 351.0000 0.0000 128.0000 1.0000 0.0000 0.0000 0.0000 0.0000 0.0000
3 35.0000 400.0000 40.0000 5263540.0000 1.0000 0.0000 0.0000 0.0000 0.0000 0.0000
3 -35.0000 400.0000 40.0000 5263540.0000 1.0000 0.0000 0.0000 0.0000 0.0000 0.0000
3 0.0000 351.0000 0.0000 128.0000 1.0000 0.0000 0.0000 0.0000 0.0000 0.0000
3 -35.0000 400.0000 40.0000 5263540.0000 1.0000 0.0000 0.0000 0.0000 0.0000 0.0000
3 -35.0000 400.0000 -40.0000 5263540.0000 1.0000 0.0000 0.0000 0.0000 0.0000 0.0000
3 0.0000 351.0000 0.0000 128.0000 1.0000 0.0000 0.0000 0.0000 0.0000 0.0000
3 35.0000 400.0000 -40.0000 5263540.0000 1.0000 0.0000 0.0000 0.0000 0.0000 0.0000
3 -35.0000 400.0000 -40.0000 5263540.0000 1.0000 0.0000 0.0000 0.0000 0.0000 0.0000
3 0.0000 351.0000 0.0000 128.0000 1.0000 0.0000 0.0000 0.0000 0.0000 0.0000
3 35.0000 400.0000 40.0000 5263540.0000 1.0000 0.0000 0.0000 0.0000 0.0000 0.0000
3 35.0000 400.0000 -40.0000 5263540.0000 1.0000 0.0000 0.0000 0.0000 0.0000 0.0000
3 6.0000 32.0000 0.0000 567296.0000 1.0000 0.0000 0.0000 0.0000 0.0000 0.0000
3 -9.0000 213.0000 -42.0000 8443008.0000 1.0000 0.0000 0.0000 0.0000 0.0000 0.0000
3 -21.0000 213.0000 -42.0000 8443008.0000 1.0000 0.0000 0.0000 0.0000 0.0000 0.0000
3 6.0000 32.0000 0.0000 567296.0000 1.0000 0.0000 0.0000 0.0000 0.0000 0.0000
3 22.0000 32.0000 -14.0000 533504.0000 1.0000 0.0000 0.0000 0.0000 0.0000 0.0000
3 -9.0000 213.0000 -42.0000 8443008.0000 1.0000 0.0000 0.0000 0.0000 0.0000 0.0000
3 -55.0000 260.0000 -118.0000 8443008.0000 1.0000 0.0000 0.0000 0.0000 0.0000 0.0000
3 -9.0000 213.0000 -42.0000 8443008.0000 1.0000 0.0000 0.0000 0.0000 0.0000 0.0000
3 -21.0000 213.0000 -42.0000 8443008.0000 1.0000 0.0000 0.0000 0.0000 0.0000 0.0000
1 0.0000 0.0000 0.0000 0.0000 0.0000 0.0000 0.0000 0.0000 0.0000 0.0000
